function [system] = game7two()
    eqs = cell(7,1);
    eqs{1} = [-4.763791406 0 1 1 1 1 1 1; 4.232528309 0 1 1 1 1 1 0; 5.186808519 0 1 1 1 1 0 1; -5.024706398 0 1 1 1 1 0 0; -2.399901553 0 1 1 1 0 1 1; -0.5418946471 0 1 1 1 0 1 0; 0.8704331065 0 1 1 1 0 0 1; 4.444832292 0 1 1 1 0 0 0; 1.060905192 0 1 1 0 1 1 1; -3.850587329 0 1 1 0 1 1 0; -1.663032756 0 1 1 0 1 0 1; 2.067575326 0 1 1 0 1 0 0; 0.8970376018 0 1 1 0 0 1 1; 1.49198503 0 1 1 0 0 1 0; -0.8781786519 0 1 1 0 0 0 1; -2.149747884 0 1 1 0 0 0 0; 4.50199241 0 1 0 1 1 1 1; -3.885188721 0 1 0 1 1 1 0; -3.618205706 0 1 0 1 1 0 1; 2.193958577 0 1 0 1 1 0 0; -0.4292812388 0 1 0 1 0 1 1; 1.367467306 0 1 0 1 0 1 0; 0.0152755431 0 1 0 1 0 0 1; -1.919846241 0 1 0 1 0 0 0; 1.35316658 0 1 0 0 1 1 1; 0.2885932671 0 1 0 0 1 1 0; 0.2726844768 0 1 0 0 1 0 1; 0.4370365054 0 1 0 0 1 0 0; -0.9695321289 0 1 0 0 0 1 1; -0.555408995 0 1 0 0 0 1 0; 1.470245805 0 1 0 0 0 0 1; -0.7776542062 0 1 0 0 0 0 0; -0.3234912814 0 0 1 1 1 1 1; 1.614776865 0 0 1 1 1 1 0; 0.8433041647 0 0 1 1 1 0 1; 0.9396821438 0 0 1 1 1 0 0; 2.656019786 0 0 1 1 0 1 1; -3.622347647 0 0 1 1 0 1 0; -1.782385945 0 0 1 1 0 0 1; -1.956020448 0 0 1 1 0 0 0; 1.343266427 0 0 1 0 1 1 1; -0.1355422921 0 0 1 0 1 1 0; -0.4508344077 0 0 1 0 1 0 1; -1.6683921 0 0 1 0 1 0 0; -1.335331453 0 0 1 0 0 1 1; 0.3315831261 0 0 1 0 0 1 0; 0.9970809772 0 0 1 0 0 0 1; 1.888092168 0 0 1 0 0 0 0; -2.218117996 0 0 0 1 1 1 1; -0.2615632169 0 0 0 1 1 1 0; 1.520681331 0 0 0 1 1 0 1; -1.568733685 0 0 0 1 1 0 0; -0.1218964373 0 0 0 1 0 1 1; 1.438766716 0 0 0 1 0 1 0; -0.2556439676 0 0 0 1 0 0 1; 1.81710085 0 0 0 1 0 0 0; 0.05628960897 0 0 0 0 1 1 1; 0.6017626226 0 0 0 0 1 1 0; -0.6833186113 0 0 0 0 1 0 1; 0.4058110033 0 0 0 0 1 0 0; 0.1219611448 0 0 0 0 0 1 1; 0.1108815276 0 0 0 0 0 1 0; -0.2083968785 0 0 0 0 0 0 1; -0.1975329204 0 0 0 0 0 0 0];
    eqs{2} = [-2.425952364 1 0 1 1 1 1 1; 10.54234166 1 0 1 1 1 1 0; -1.049272612 1 0 1 1 1 0 1; -4.106357098 1 0 1 1 1 0 0; 4.37832795 1 0 1 1 0 1 1; -7.373781841 1 0 1 1 0 1 0; -1.497806787 1 0 1 1 0 0 1; 4.166187738 1 0 1 1 0 0 0; -2.853297077 1 0 1 0 1 1 1; -5.637483902 1 0 1 0 1 1 0; 0.6936367281 1 0 1 0 1 0 1; 2.592889157 1 0 1 0 1 0 0; 0.8727102497 1 0 1 0 0 1 1; 3.403903967 1 0 1 0 0 1 0; 0.4024986176 1 0 1 0 0 0 1; -0.9244952488 1 0 1 0 0 0 0; -0.330315152 1 0 0 1 1 1 1; -5.175570863 1 0 0 1 1 1 0; 0.9064300637 1 0 0 1 1 0 1; 4.59045776 1 0 0 1 1 0 0; -2.452261185 1 0 0 1 0 1 1; 4.948040932 1 0 0 1 0 1 0; 1.761708164 1 0 0 1 0 0 1; -5.913560027 1 0 0 1 0 0 0; -0.5680914232 1 0 0 0 1 1 1; 4.046376799 1 0 0 0 1 1 0; 1.383344838 1 0 0 0 1 0 1; -2.98244658 1 0 0 0 1 0 0; 2.242890594 1 0 0 0 0 1 1; -3.205127493 1 0 0 0 0 1 0; -2.460871472 1 0 0 0 0 0 1; 2.113543172 1 0 0 0 0 0 0; -0.0635357214 0 0 1 1 1 1 1; -1.506049863 0 0 1 1 1 1 0; 1.105481249 0 0 1 1 1 0 1; -3.276080356 0 0 1 1 1 0 0; -0.265358748 0 0 1 1 0 1 1; 0.2848902865 0 0 1 1 0 1 0; -0.2686102672 0 0 1 1 0 0 1; 2.311151012 0 0 1 1 0 0 0; 1.942206813 0 0 1 0 1 1 1; 2.04605593 0 0 1 0 1 1 0; 0.269309302 0 0 1 0 1 0 1; 0.4757485124 0 0 1 0 1 0 0; -1.707301416 0 0 1 0 0 1 1; -0.4114264507 0 0 1 0 0 1 0; 0.148054942 0 0 1 0 0 0 1; -0.5943063072 0 0 1 0 0 0 0; -1.008332986 0 0 0 1 1 1 1; 0.9952431551 0 0 0 1 1 1 0; 0.6589449365 0 0 0 1 1 0 1; -0.820288623 0 0 0 1 1 0 0; -0.5301581977 0 0 0 1 0 1 1; 0.566244507 0 0 0 1 0 1 0; 0.0979374478 0 0 0 1 0 0 1; 0.080052671 0 0 0 1 0 0 0; 1.009096271 0 0 0 0 1 1 1; -1.900002698 0 0 0 0 1 1 0; -1.498699702 0 0 0 0 1 0 1; 1.726943977 0 0 0 0 1 0 0; -0.0731928437 0 0 0 0 0 1 1; 0.7524866877 0 0 0 0 0 1 0; 0.7511140598 0 0 0 0 0 0 1; -0.847168232 0 0 0 0 0 0 0];
    eqs{3} = [-6.303034778 1 1 0 1 1 1 1; 3.181978781 1 1 0 1 1 1 0; 0.4176719105 1 1 0 1 1 0 1; -5.418365564 1 1 0 1 1 0 0; -2.124630916 1 1 0 1 0 1 1; 0.5361733755 1 1 0 1 0 1 0; 1.168990341 1 1 0 1 0 0 1; -2.255383119 1 1 0 1 0 0 0; 1.296467524 1 1 0 0 1 1 1; -0.454450127 1 1 0 0 1 1 0; 2.391319751 1 1 0 0 1 0 1; 1.408920964 1 1 0 0 1 0 0; 1.31346162 1 1 0 0 0 1 1; -0.1290288851 1 1 0 0 0 1 0; -2.063198288 1 1 0 0 0 0 1; 3.184441938 1 1 0 0 0 0 0; 0.2671300403 1 0 0 1 1 1 1; -1.108997384 1 0 0 1 1 1 0; 2.727124741 1 0 0 1 1 0 1; 1.315019247 1 0 0 1 1 0 0; 1.59823937 1 0 0 1 0 1 1; -0.8687406121 1 0 0 1 0 1 0; -2.137949662 1 0 0 1 0 0 1; 4.321227939 1 0 0 1 0 0 0; 1.592434953 1 0 0 0 1 1 1; 0.2039887166 1 0 0 0 1 1 0; -1.801245638 1 0 0 0 1 0 1; -0.843065012 1 0 0 0 1 0 0; -0.8080984218 1 0 0 0 0 1 1; 0.1876638627 1 0 0 0 0 1 0; 1.241623344 1 0 0 0 0 0 1; -2.120761106 1 0 0 0 0 0 0; 1.986772381 0 1 0 1 1 1 1; -0.6570934285 0 1 0 1 1 1 0; 0.0101219865 0 1 0 1 1 0 1; 1.857643907 0 1 0 1 1 0 0; 1.817841053 0 1 0 1 0 1 1; -1.252885473 0 1 0 1 0 1 0; -1.018461857 0 1 0 1 0 0 1; 1.716190133 0 1 0 1 0 0 0; -0.6545771433 0 1 0 0 1 1 1; -0.4222515206 0 1 0 0 1 1 0; -1.474692534 0 1 0 0 1 0 1; 0.1434892391 0 1 0 0 1 0 0; -1.045768849 0 1 0 0 0 1 1; 0.7883698308 0 1 0 0 0 1 0; 1.608643071 0 1 0 0 0 0 1; -1.961228449 0 1 0 0 0 0 0; -0.0292578659 0 0 0 1 1 1 1; -0.8672263148 0 0 0 1 1 1 0; -1.548608754 0 0 0 1 1 0 1; 0.334654833 0 0 0 1 1 0 0; -1.016941106 0 0 0 1 0 1 1; 2.080756769 0 0 0 1 0 1 0; 1.274656203 0 0 0 1 0 0 1; -2.326370375 0 0 0 1 0 0 0; -1.00123191 0 0 0 0 1 1 1; 0.7336604821 0 0 0 0 1 1 0; 1.164561843 0 0 0 0 1 0 1; -0.1809563821 0 0 0 0 1 0 0; 0.5207930272 0 0 0 0 0 1 1; -0.96830836 0 0 0 0 0 1 0; -0.8024065396 0 0 0 0 0 0 1; 0.8329651787 0 0 0 0 0 0 0];
    eqs{4} = [-6.58270057 1 1 1 0 1 1 1; 3.026786166 1 1 1 0 1 1 0; 7.937931818 1 1 1 0 1 0 1; -4.667355196 1 1 1 0 1 0 0; 3.761652001 1 1 1 0 0 1 1; -1.581381397 1 1 1 0 0 1 0; -4.918232712 1 1 1 0 0 0 1; 0.5535404925 1 1 1 0 0 0 0; 1.674783132 1 1 0 0 1 1 1; -0.8454682978 1 1 0 0 1 1 0; -2.716557255 1 1 0 0 1 0 1; 1.855521008 1 1 0 0 1 0 0; 0.0508759711 1 1 0 0 0 1 1; 0.1428757972 1 1 0 0 0 1 0; 1.641262632 1 1 0 0 0 0 1; -1.751850929 1 1 0 0 0 0 0; 3.09091763 1 0 1 0 1 1 1; -1.100594894 1 0 1 0 1 1 0; -5.555990213 1 0 1 0 1 0 1; 4.273541627 1 0 1 0 1 0 0; -1.991290269 1 0 1 0 0 1 1; -0.3764175435 1 0 1 0 0 1 0; 3.814160972 1 0 1 0 0 0 1; -1.115110762 1 0 1 0 0 0 0; -2.260984777 1 0 0 0 1 1 1; 0.6200927365 1 0 0 0 1 1 0; 3.030155739 1 0 0 0 1 0 1; -3.88054904 1 0 0 0 1 0 0; 0.0212608063 1 0 0 0 0 1 1; 0.6132244317 1 0 0 0 0 1 0; -1.444122297 1 0 0 0 0 0 1; -0.0810178107 1 0 0 0 0 0 0; 5.562609142 0 1 1 0 1 1 1; -4.674961095 0 1 1 0 1 1 0; -3.904856604 0 1 1 0 1 0 1; 2.523566833 0 1 1 0 1 0 0; -3.348129783 0 1 1 0 0 1 1; 3.548707143 0 1 1 0 0 1 0; 2.331333928 0 1 1 0 0 0 1; -1.750835566 0 1 1 0 0 0 0; -1.858964944 0 1 0 0 1 1 1; 2.036257692 0 1 0 0 1 1 0; 1.670700665 0 1 0 0 1 0 1; -1.518747478 0 1 0 0 1 0 0; -1.336274241 0 1 0 0 0 1 1; -0.6128937522 0 1 0 0 0 1 0; 0.2297182749 0 1 0 0 0 0 1; 1.40932286 0 1 0 0 0 0 0; -1.774553413 0 0 1 0 1 1 1; 0.9840499425 0 0 1 0 1 1 0; 2.145557307 0 0 1 0 1 0 1; -0.5011908345 0 0 1 0 1 0 0; 0.9042291828 0 0 1 0 0 1 1; -1.227779743 0 0 1 0 0 1 0; -1.236182515 0 0 1 0 0 0 1; 1.665146292 0 0 1 0 0 0 0; 1.392783665 0 0 0 0 1 1 1; -0.4988656232 0 0 0 0 1 1 0; -1.646947651 0 0 0 0 1 0 1; 2.021189235 0 0 0 0 1 0 0; 0.4344425386 0 0 0 0 0 1 1; 0.1203833819 0 0 0 0 0 1 0; 0.2614988946 0 0 0 0 0 0 1; -0.3735427655 0 0 0 0 0 0 0];
