function [system] = rps10()
    eqs = cell(10,1);
    eqs{1} = [-0.207515496428277 2 0 0 2 0 0 0 0 0 0; -1.81633498321741 2 0 0 1 1 0 0 0 0 0; -0.326880264194788 2 0 0 1 0 1 0 0 0 0; 0.327228678790004 2 0 0 1 0 0 0 0 0 0; 0.0871726886752159 2 0 0 0 2 0 0 0 0 0; 0.581046929846164 2 0 0 0 1 1 0 0 0 0; 1.56146164401314 2 0 0 0 1 0 0 0 0 0; 0.120342807753062 2 0 0 0 0 2 0 0 0 0; 0.289766299873838 2 0 0 0 0 1 0 0 0 0; -0.127970368707512 2 0 0 0 0 0 0 0 0 0; -0.377029684790685 1 1 0 2 0 0 0 0 0 0; -0.91671440576214 1 1 0 1 1 0 0 0 0 0; 0.657630238424344 1 1 0 1 0 1 0 0 0 0; 0.842682927567249 1 1 0 1 0 0 0 0 0 0; 0.950415464426347 1 1 0 0 2 0 0 0 0 0; -1.15573823637833 1 1 0 0 1 1 0 0 0 0; -1.73883806758226 1 1 0 0 1 0 0 0 0 0; -0.573385779635662 1 1 0 0 0 2 0 0 0 0; -1.27789279652515 1 1 0 0 0 1 0 0 0 0; -0.485961231255263 1 1 0 0 0 0 0 0 0 0; 0.798695431832303 1 0 1 2 0 0 0 0 0 0; -0.231946468231119 1 0 1 1 1 0 0 0 0 0; 0.455139341948007 1 0 1 1 0 1 0 0 0 0; -1.13714055986675 1 0 1 1 0 0 0 0 0 0; -1.0650624231277 1 0 1 0 2 0 0 0 0 0; 1.70771409335099 1 0 1 0 1 1 0 0 0 0; -0.430912104468477 1 0 1 0 1 0 0 0 0 0; 0.266366991295394 1 0 1 0 0 2 0 0 0 0; -0.581261259115421 1 0 1 0 0 1 0 0 0 0; 0.377897769852767 1 0 1 0 0 0 0 0 0 0; -0.166889068191594 0 2 0 2 0 0 0 0 0 0; 1.02033685044889 0 2 0 1 1 0 0 0 0 0; 1.10939193639721 0 2 0 1 0 1 0 0 0 0; 0.607564575703416 0 2 0 1 0 0 0 0 0 0; -0.482067565714208 0 2 0 0 2 0 0 0 0 0; -0.113679611876378 0 2 0 0 1 1 0 0 0 0; 0.0679091571307072 0 2 0 0 1 0 0 0 0 0; 0.648956633905802 0 2 0 0 0 2 0 0 0 0; 0.908789677888625 0 2 0 0 0 1 0 0 0 0; 0.306995563707175 0 2 0 0 0 0 0 0 0 0; 0.866826144775651 0 1 1 2 0 0 0 0 0 0; 0.539670777307627 0 1 1 1 1 0 0 0 0 0; 1.85538525130694 0 1 1 1 0 1 0 0 0 0; 0.229293271620915 0 1 1 1 0 0 0 0 0 0; 0.120995290927416 0 1 1 0 2 0 0 0 0 0; -0.365479427671087 0 1 1 0 1 1 0 0 0 0; 0.908627200628342 0 1 1 0 1 0 0 0 0 0; -0.987821435703067 0 1 1 0 0 2 0 0 0 0; -0.759590462498355 0 1 1 0 0 1 0 0 0 0; -0.234045440765696 0 1 1 0 0 0 0 0 0 0; 0.374404564619872 0 0 2 2 0 0 0 0 0 0; 0.795998132768522 0 0 2 1 1 0 0 0 0 0; -0.782511672202421 0 0 2 1 0 1 0 0 0 0; -0.21948911177438 0 0 2 1 0 0 0 0 0 0; 0.394894877038992 0 0 2 0 2 0 0 0 0 0; -0.467367317969786 0 0 2 0 1 1 0 0 0 0; -0.27649317513946 0 0 2 0 1 0 0 0 0 0; -0.769299441658863 0 0 2 0 0 2 0 0 0 0; 0.508489276049675 0 0 2 0 0 1 0 0 0 0; 0.0156362617850807 0 0 2 0 0 0 0 0 0 0; -0.71530414271904 0 0 0 1 0 0 1 0 0 0; 1.22441854786319 0 0 0 1 0 0 0 1 0 0; 1.28988607045863 0 0 0 1 0 0 0 0 1 0; 0.517207385575697 0 0 0 1 0 0 0 0 0 1; -1.35287762600439 0 0 0 0 1 0 1 0 0 0; -0.0584456769855244 0 0 0 0 1 0 0 1 0 0; -0.665594849718029 0 0 0 0 1 0 0 0 1 0; 0.691709405412229 0 0 0 0 1 0 0 0 0 1; -1.70704525381214 0 0 0 0 0 1 1 0 0 0; -0.377061499535853 0 0 0 0 0 1 0 1 0 0; 0.697758704890495 0 0 0 0 0 1 0 0 1 0; -1.45796722508605 0 0 0 0 0 1 0 0 0 1; -0.194661456784744 0 0 0 0 0 0 1 0 0 0; -1.05166358226696 0 0 0 0 0 0 0 1 0 0; 0.580102254517945 0 0 0 0 0 0 0 0 1 0; -0.0429214367475854 0 0 0 0 0 0 0 0 0 1];
    eqs{2} = [-0.274164348420013 2 0 0 2 0 0 0 0 0 0; 0.145555496398316 2 0 0 1 1 0 0 0 0 0; -0.615099683261694 2 0 0 1 0 1 0 0 0 0; -0.138445244156793 2 0 0 1 0 0 0 0 0 0; 0.18078854641092 2 0 0 0 2 0 0 0 0 0; 0.755639699059209 2 0 0 0 1 1 0 0 0 0; 0.413774454738696 2 0 0 0 1 0 0 0 0 0; 0.0933758020090927 2 0 0 0 0 2 0 0 0 0; 0.402729889121092 2 0 0 0 0 1 0 0 0 0; 0.160110343036881 2 0 0 0 0 0 0 0 0 0; -0.342120127755503 1 1 0 2 0 0 0 0 0 0; -1.1674745895518 1 1 0 1 1 0 0 0 0 0; 0.099371922391061 1 1 0 1 0 1 0 0 0 0; 1.55680856443337 1 1 0 1 0 0 0 0 0 0; 0.940454186982468 1 1 0 0 2 0 0 0 0 0; -1.4126149515014 1 1 0 0 1 1 0 0 0 0; -1.57893837362116 1 1 0 0 1 0 0 0 0 0; -0.598334059226964 1 1 0 0 0 2 0 0 0 0; -0.827248467395868 1 1 0 0 0 1 0 0 0 0; -0.900546882440308 1 1 0 0 0 0 0 0 0 0; 0.374589872787203 1 0 1 2 0 0 0 0 0 0; 0.00249167758187343 1 0 1 1 1 0 0 0 0 0; 0.473243820363174 1 0 1 1 0 1 0 0 0 0; -1.74094581211543 1 0 1 1 0 0 0 0 0 0; -1.02574184475855 1 0 1 0 2 0 0 0 0 0; -0.978157634258566 1 0 1 0 1 1 0 0 0 0; 0.616379366719068 1 0 1 0 1 0 0 0 0 0; 0.651151971971351 1 0 1 0 0 2 0 0 0 0; -0.123532266650023 1 0 1 0 0 1 0 0 0 0; 0.52025861583069 1 0 1 0 0 0 0 0 0 0; -0.0754243659911413 0 2 0 2 0 0 0 0 0 0; -0.94280644898765 0 2 0 1 1 0 0 0 0 0; 0.822604277549155 0 2 0 1 0 1 0 0 0 0; 1.68638623822392 0 2 0 1 0 0 0 0 0 0; -0.578003051555137 0 2 0 0 2 0 0 0 0 0; -0.0967654551556513 0 2 0 0 1 1 0 0 0 0; 1.26831951729494 0 2 0 0 1 0 0 0 0 0; 0.653427417546279 0 2 0 0 0 2 0 0 0 0; 1.05713963692447 0 2 0 0 0 1 0 0 0 0; -0.351901583868926 0 2 0 0 0 0 0 0 0 0; 0.478256199646769 0 1 1 2 0 0 0 0 0 0; 0.529162155528347 0 1 1 1 1 0 0 0 0 0; 1.69460505803347 0 1 1 1 0 1 0 0 0 0; -0.138723560936029 0 1 1 1 0 0 0 0 0 0; 0.0925177817398932 0 1 1 0 2 0 0 0 0 0; 2.50066179951447 0 1 1 0 1 1 0 0 0 0; -0.433745742064066 0 1 1 0 1 0 0 0 0 0; -0.570773981386662 0 1 1 0 0 2 0 0 0 0; -2.57418557618624 0 1 1 0 0 1 0 0 0 0; 0.908682123022068 0 1 1 0 0 0 0 0 0 0; 0.349588714411154 0 0 2 2 0 0 0 0 0 0; 0.797250952589334 0 0 2 1 1 0 0 0 0 0; -0.207504594287461 0 0 2 1 0 1 0 0 0 0; -0.515904708485933 0 0 2 1 0 0 0 0 0 0; 0.397214505144217 0 0 2 0 2 0 0 0 0 0; -0.658874243903558 0 0 2 0 1 1 0 0 0 0; -0.206145801724319 0 0 2 0 1 0 0 0 0 0; -0.746803219555371 0 0 2 0 0 2 0 0 0 0; 1.56047400768576 0 0 2 0 0 1 0 0 0 0; -0.446456217064578 0 0 2 0 0 0 0 0 0 0; -1.0320362855812 0 0 0 1 0 0 1 0 0 0; -0.215759067016851 0 0 0 1 0 0 0 1 0 0; -0.0617112344292475 0 0 0 1 0 0 0 0 1 0; 0.432148237421863 0 0 0 1 0 0 0 0 0 1; -1.47594817030931 0 0 0 0 1 0 1 0 0 0; -0.12705583446957 0 0 0 0 1 0 0 1 0 0; -0.731495415588662 0 0 0 0 1 0 0 0 1 0; 0.66776248682605 0 0 0 0 1 0 0 0 0 1; -3.02034353373132 0 0 0 0 0 1 1 0 0 0; -0.514859363952448 0 0 0 0 0 1 0 1 0 0; 0.718934807521354 0 0 0 0 0 1 0 0 1 0; 0.516257114442282 0 0 0 0 0 1 0 0 0 1; 0.638247457896623 0 0 0 0 0 0 1 0 0 0; -0.228124386753508 0 0 0 0 0 0 0 1 0 0; 1.36677938008601 0 0 0 0 0 0 0 0 1 0; -0.902118536026858 0 0 0 0 0 0 0 0 0 1];
